         66
-1118157128
   95546846
-2071255902
 1432599522
 1126542472
-1912335042
 1924449484
 1938138035
  295353869
 -933656572
  554486132
  120704478
  116816552
 -410049328
  784776089
-2046649719
   76314935
-2064243344
-1676936851
 2107107234
 1606270851
-1183869668
 1135778131
 1568331872
 1292521962
 1120683178
 1679828269
  484822556
-1060386935
  108824144
 -926822910
-1387389010
  378484112
 1389975444
 1351198789
 -493462716
 1696859218
 -387118792
 1227052314
 1030797925
-1152368884
 2144617671
-1554976296
   98094487
 -778684748
  -85887731
 -982290594
 1896385605
-1623315269
-1822815283
 1972949527
 -739217610
   44449872
  450942508
 -103197032
  958255383
  614863995
  -78504961
  308121985
-1867156806
-1843541439
-1613705434
-1290028239
 1744488665
 -499556914
  659527400
 1368646960
  -98731392
 1672457142
 -153311767
-1216598327
 -904390423
  364159382
  636202185
 1191798279
-1485691516
-1302911314
-1383967476
 1840542197
 1549316948
 1630422222
 -829896595
 -908362472
 -498161504
 1052523636
 1553153568
  909222015
-2107128202
 -594355656
  595880934
 -192078778
 1152922479
 -399900160
-1065970648
 2139525842
  154684785
  981773723
  414211624
 1182166387
 1443164349
 -835554852
 1269193313
  637196467
 1854106265
-1783700162
 1868520223
  819457500
  728262344
 -608201301
 -788505524
 -840208824
 1675366690
-1575124912
 2146681853
 1130722342
  299594328
-1231314643
  474400240
-1160532417
 1010698444
 1245710761
-1776498322
  696629968
  824015903
-2105035087
 1434404852
-1902573455
 1952039134
 -579120930
 -637740372
  455144096
  274856018
 1976726241
  352516775
   67470177
-1215745298
-1039728795
 1922100607
-1523939310
  316028616
 -166147059
-1238655828
 1695825223
  517747051
 -688345585
 1915753536
-1450226815
 -484701403
 1355416958
  502796682
 1999769236
  962768067
 2140703864
 1346415459
 -472279891
-1778523291
  557172671
-1355492579
 -622339267
  149094145
 -284218213
 -153772538
  617023766
  735874260
-1298549555
 1713459595
 -603429349
  887002606
 1605365664
 -627034027
-1593416517
  918889845
-1045491159
 1370276770
 -168128798
 -507844358
 -631673891
-1267909811
 -540606312
-1516654489
-1364453875
  993966643
  157906020
 1240771318
-1403574272
 1747428445
-1679590856
-1852953955
  565212939
 1184798004
-1975057587
  165269993
-1857409367
-2119633609
 -483066085
  392261864
 1457924496
  438980188
 1180185808
-1515651422
-1457951599
  742353053
 1102407792
 1754181770
 -471951694
 1787980813
  347448783
-2103915542
 1488441345
-1110879006
 2139543314
 2067366632
 1000708919
 -419096307
 1835967984
 1431957055
-1082984105
-1597719244
-1959735615
 -305693137
 1721035444
 1245232387
  249389901
 1632866825
 -772952358
  218374964
-2022706657
 -251289436
-1621509454
 1811896996
   77533004
-1294233290
  723162803
-1555741834
-2055222775
  966954256
-1806532582
 -879261798
-1326721745
 -505982602
 1240471598
-1551491222
 -284497155
  163852765
  633340291
  834634461
-1952733418
  468247626
 -815960208
-2115621093
 -357282395
 1318147140
 1221662827
 1696385589
 1801178705
   56947899
 1917048981
  -83584915
 -525797690
 1299725820
-1792225103
  877065186
  256136466
  155170567
 -291348902
 -694218077
 1665053720
-1934564049
  886975939
 1504189044
 1807937624
 1016373778
  490647475
 -399676223
 -594191492
-1171502424
 -220830951
 -920223752
-2139398836
  220083111
 -134973434
 -320107669
 -879330767
-2013336188
  286198387
 -648461766
 -238450315
-1173216462
  545686506
 1980604375
 -522901481
 2110366422
 2140930199
  210294898
 1085034574
 -582314484
-1890517453
  734959674
  900860490
  562037953
 1264372302
 -456042121
-1066116948
 -195208823
 2107480846
-2034763176
 1601854390
-1518294990
-1717641398
-1412272941
 -193339611
 -182771829
  409338237
-1998142340
-1236799783
 -924060237
 1231080160
-1954653707
-1282107352
 -564282055
   22245445
 1469174146
   65777737
 1193931800
 -492859856
  426347745
 1842963649
 -709712439
 -879979289
 -777371609
  153646899
-1855638375
 -184994263
 1463575911
-1180601386
 1990099694
 1703877599
-1699309424
-1509698511
-1823299472
-2076239183
 -484460333
-1327172393
 1906437699
-1772856173
 1847462491
-1607255589
 1669365220
 1688131522
 1650103453
 1548417307
 1767008045
 1641077319
 -646482058
-2024375979
  262205357
-1250237867
-1577674274
  432866934
  754964629
 1284061389
-2104957427
  635015963
  452123562
 1936542365
  433964164
 1839228363
  408756329
 1365435889
   38886866
 1421730656
 2111554699
  575726071
  971331451
-1511710141
 -396604719
 -455957578
   10028466
  372611914
 1350126007
-1208011284
-1122966582
-1675964303
-1703476670
 -216990867
-1092021711
-1232717097
 1195991414
 2130813292
 -202109506
 1153065396
 -711548895
 1119265742
 1926242474
-1914806452
 1050224567
  391085038
-1903306989
 1211552452
 -410756398
-1715167736
 1456297369
  468239967
-1358781501
   30413509
 -147171599
  320803105
 1410680550
 -800807796
-1322634614
-2086775883
-1480684220
-1676476248
 1349081850
-1189394619
 -997034449
-1725063736
 -898257155
 1696932200
-1497582337
-1228800422
  510291696
 1506296644
-1881425050
  708114449
 -317975606
-2087163837
-1785639104
-1534916601
-1336211212
 2137331634
-2083808480
-1353559530
  421844955
 1138241197
  186689665
  685198883
 1558882457
 1032877605
-1459828310
 1500891625
  -96070578
 1312809918
 -799251507
 -414593522
 -656379296
 2093395846
 -639324308
 1668976537
 2135287077
 1698816462
 1881189239
-1285715684
  245698050
-2040534629
 2115901222
-1829124091
-1846448054
  470678042
  277789816
 1271245653
-1038515422
 -847597772
 1405578281
 -848372452
  125234951
-1879405311
 1218175859
 1906689261
 2027337681
-1613429322
  479888236
  254240640
 -831908920
 -239720384
 1006825169
-1615445677
  454098443
  768939286
-1787420721
-1611486329
  267123365
 1471393937
-1529737884
 -496008211
   70938967
 -993665043
  983259253
 1952263410
-1239940846
 -117308166
 -968744980
 1710385700
  950028985
-1931412269
   60710226
-1226172658
-1029479054
 -534920892
 1488285776
 1699357874
 -627426956
  615057231
  987484436
-1852097660
 -324441651
  985865749
  795420600
-1778637919
 1400236443
 -348208671
  320555616
 -858602008
 1998736480
-1171334175
-1784205688
 -206737595
-1768435984
-1173505753
 2062034806
  912451752
 1621940581
 -587552068
 1041107211
 2040870089
  925373084
-1640865173
 2036992085
   78276173
 -311693255
  359551405
   38195599
-2144984957
 -101614004
 -397679081
  570054119
  308461601
  660506685
  855701441
  568106802
 1143379622
 1260035531
  566182193
 -325764362
 1600842123
 -686722278
 -466121458
-1248401482
-2135326772
  787861477
  320299355
 1761465235
-1554126092
  506068909
 -321031165
 1388471702
 1733008440
  233640600
  336000757
 1981690230
 1924697866
-1846832161
  388014649
  338824394
  490407093
 1814577162
  614882885
 1918838024
 1609164753
 1089467211
 -837727828
 -161797359
  485853929
-1336656973
-1905219506
-1460401605
  264150137
 1263337818
  392948401
 2011238268
  531975562
  435348367
-1707258839
  -70030596
 -224415680
 1459784088
  209174945
  892683996
   71034343
-1324825971
-1998899259
   19016515
-1787322344
-1433643248
-1549500701
 -437174733
 -676250658
 2108838024
 -475083186
-2144241104
 1887720768
-1722746067
 1251171821
 -254954541
  889151198
  525371266
-1731476755
 -761783274
 -154626955
 -391518410
 1267973915
-1305865076
 -863297024
 -284665000
-1404441484
  248253664
-1080707624
 1835233898
  318946704
  113938049
  871381657
 1616277587
 2098835556
  165828786
